

local aTimer = nil
local aTimerInterval = 1000
local aTimerTicks = 0
local aTimerTickMax = 0
local function aTimer_tick(timer)
   if aTimerTickMax > 0 and aTimerTicks >= aTimerTickMax then
      timer.destroy()
   end
   aTimerTicks = aTimerTicks + 1
   openProcess("RecRoom.exe")
   if b == 0 or b == 255 then
      openProcess("RecRoom.exe")
   end

end

function AOBRep(search, change)
local aob = AOBScan(search)
if aob then
  for i=0,aob.Count-1 do
    autoAssemble(aob[i]..':\ndb '..change)
  end
  aob.Destroy()
end
end

function test()
searchA = '4C 00 75 00 59 00 65 00 6C 00 5A 00 59 00 38 00 4E 00 6B 00 71 00 6D 00 4F 00 70 00 31 00 70 00 6E 00 78 00 50 00 58 00 42 00 67 00 2C 00 6F 00 48 00 4B 00 68 00 54 00 2D 00 47 00 54 00 78 00 30 00 69 00 46 00 57 00 72 00 72 00 6C 00 7A 00 39 00 73 00 36 00 54 00 77'
replaceA = '5A 00 31 00 30 00 54 00 54 00 6C 00 4F 00 65 00 57 00 30 00 6D 00 75 00 6D 00 65 00 7A 00 62 00 71 00 58 00 4B 00 47 00 7A 00 41 00 2C 00 48 00 74 00 30 00 57 00 52 00 76 00 70 00 67 00 75 00 55 00 61 00 4C 00 5A 00 31 00 74 00 69 00 67 00 43 00 7A 00 43 00 4D 00 41'
AOBRep(searchA,replaceA)
searchB = '34 00 61 00 30 00 65 00 39 00 31 00 61 00 31 00 2d 00 34 00 35 00 36 00 32 00 2d 00 34 00 61 00 38 00 32 00 2d 00 39 00 32 00 62 00 65 00 2d 00 63 00 62 00 37 00 34 00 39 00 31 00 66 00 31 00 35 00 39 00 32 00 62'
replaceB = '64 00 38 00 34 00 39 00 39 00 33 00 64 00 64 00 2D 00 34 00 65 00 31 00 35 00 2D 00 34 00 34 00 38 00 31 00 2D 00 39 00 34 00 35 00 30 00 2D 00 66 00 38 00 38 00 61 00 33 00 34 00 63 00 64 00 62 00 63 00 38 00 32'
AOBRep(searchB,replaceB)
searchC = '64 00 38 00 34 00 39 00 39 00 33 00 64 00 64 00 2D 00 34 00 65 00 31 00 35 00 2D 00 34 00 34 00 38 00 31 00 2D 00 39 00 34 00 35 00 30 00 2D 00 66 00 38 00 38 00 61 00 33 00 34 00 63 00 64 00 62 00 63 00 38 00 32'
replaceC = '34 00 61 00 30 00 65 00 39 00 31 00 61 00 31 00 2d 00 34 00 35 00 36 00 32 00 2d 00 34 00 61 00 38 00 32 00 2d 00 39 00 32 00 62 00 65 00 2d 00 63 00 62 00 37 00 34 00 39 00 31 00 66 00 31 00 35 00 39 00 32 00 62'
AOBRep(searchC,replaceC)
searchD = '71 00 48 00 79 00 4B 00 66 00 43 00 73 00 72 00 62 00 55 00 71 00 53 00 57 00 6F 00 6D 00 6A 00 4C 00 58 00 66 00 37 00 48 00 77 00 2C 00 52 00 52 00 36 00 39 00 49 00 47 00 56 00 34 00 6A 00 30 00 53 00 64 00 32 00 78 00 74 00 6D 00 79 00 4E 00 35 00 77 00 46 00 67'
replaceD = '38 00 58 00 61 00 6A 00 53 00 32 00 61 00 64 00 4F 00 45 00 4F 00 71 00 7A 00 71 00 6E 00 4C 00 79 00 36 00 2D 00 7A 00 63 00 51 00 2C 00 50 00 31 00 32 00 43 00 55 00 6B 00 49 00 67 00 38 00 45 00 75 00 46 00 69 00 68 00 47 00 51 00 73 00 76 00 50 00 6C 00 78 00 67'
AOBRep(searchD,replaceD)
searchE = '32 00 35 00 30 00 62 00 62 00 62 00 35 00 33 00 2D 00 31 00 66 00 61 00 65 00 2D 00 34 00 34 00 30 00 64 00 2D 00 62 00 32 00 35 00 61 00 2D 00 34 00 36 00 61 00 31 00 36 00 63 00 32 00 37 00 31 00 33 00 36 00 37'
replaceE = '64 00 38 00 34 00 39 00 39 00 33 00 64 00 64 00 2D 00 34 00 65 00 31 00 35 00 2D 00 34 00 34 00 38 00 31 00 2D 00 39 00 34 00 35 00 30 00 2D 00 66 00 38 00 38 00 61 00 33 00 34 00 63 00 64 00 62 00 63 00 38 00 32'
AOBRep(searchE,replaceE)
searchF = '64 00 38 00 34 00 39 00 39 00 33 00 64 00 64 00 2D 00 34 00 65 00 31 00 35 00 2D 00 34 00 34 00 38 00 31 00 2D 00 39 00 34 00 35 00 30 00 2D 00 66 00 38 00 38 00 61 00 33 00 34 00 63 00 64 00 62 00 63 00 38 00 32'
replaceF = '37 00 36 00 33 00 36 00 39 00 61 00 65 00 66 00 2D 00 61 00 65 00 64 00 61 00 2D 00 34 00 36 00 64 00 32 00 2D 00 39 00 39 00 36 00 61 00 2D 00 63 00 64 00 30 00 30 00 35 00 39 00 34 00 64 00 30 00 35 00 34 00 33'
AOBRep(searchF,replaceF)
searchG = '50 00 5a 00 78 00 37 00 49 00 61 00 65 00 30 00 70 00 6b 00 69 00 44 00 61 00 78 00 54 00 39 00 74 00 33 00 2d 00 76 00 67 00 67 00 2c 00 64 00 37 00 35 00 39 00 63 00 38 00 38 00 64 00 2d 00 61 00 31 00 35 00 39 00 2d 00 34 00 63 00 32 00 36 00 2d 00 38 00 36 00 64 00 64 00 2d 00 62 00 30 00 35 00 34 00 62 00 62 00 30 00 35 00 62 00 33 00 65 00 64'
replaceG = '34 00 36 00 39 00 37 00 30 00 39 00 30 00 33 00 2d 00 39 00 37 00 39 00 39 00 2d 00 34 00 64 00 32 00 35 00 2d 00 62 00 39 00 30 00 61 00 2d 00 37 00 31 00 36 00 32 00 63 00 31 00 66 00 35 00 64 00 62 00 65 00 66 00 2c 00 64 00 37 00 35 00 39 00 63 00 38 00 38 00 64 00 2d 00 61 00 31 00 35 00 39 00 2d 00 34 00 63 00 32 00 36 00 2d 00 38 00 36 00 64 00 64 00 2d 00 62 00 30 00 35 00 34 00 62 00 62 00 30 00 35 00 62 00 33 00 65 00 64'
AOBRep(searchG,replaceG)
searchH = '37 00 36 00 33 00 36 00 39 00 61 00 65 00 66 00 2d 00 61 00 65 00 64 00 61 00 2d 00 34 00 36 00 64 00 32 00 2d 00 39 00 39 00 36 00 61 00 2d 00 63 00 64 00 30 00 30 00 35 00 39 00 34 00 64 00 30 00 35 00 34 00 33'
replaceH = '64 00 38 00 34 00 39 00 39 00 33 00 64 00 64 00 2D 00 34 00 65 00 31 00 35 00 2D 00 34 00 34 00 38 00 31 00 2D 00 39 00 34 00 35 00 30 00 2D 00 66 00 38 00 38 00 61 00 33 00 34 00 63 00 64 00 62 00 63 00 38 00 32'
AOBRep(searchH,replaceH)
searchI = '64 00 38 00 34 00 39 00 39 00 33 00 64 00 64 00 2D 00 34 00 65 00 31 00 35 00 2D 00 34 00 34 00 38 00 31 00 2D 00 39 00 34 00 35 00 30 00 2D 00 66 00 38 00 38 00 61 00 33 00 34 00 63 00 64 00 62 00 63 00 38 00 32'
replaceI = '37 00 36 00 33 00 36 00 39 00 61 00 65 00 66 00 2d 00 61 00 65 00 64 00 61 00 2d 00 34 00 36 00 64 00 32 00 2d 00 39 00 39 00 36 00 61 00 2d 00 63 00 64 00 30 00 30 00 35 00 39 00 34 00 64 00 30 00 35 00 34 00 33'
AOBRep(searchI,replaceI)
end


MyForm = createForm(true)
MyForm.Width = 350
MyForm.Height = 200

shbf = createButton(MyForm)
shbf.Left = 30
shbf.Top = 35
shbf.Width = 125
shbf.Height = 40
shbf.onClick = test
shbf.Caption = 'gold hoodie'

function AOBRep(search, change)
local aob = AOBScan(search)
if aob then
  for i=0,aob.Count-1 do
    autoAssemble(aob[i]..':\ndb '..change)
  end
  aob.Destroy()
end
end

Cred; no clue got this from potatos serv 
