cat hat : 32 00 63 00 37 00 66 00 39 00 30 00 61 00 62 00 2D 00 35 00 33 00 66 00 37 00 2D 00 34 00 35 00 37 00 39 00 2D 00 62 00 66 00 35 00 62 00 2D 00 61 00 31 00 63 00 30 00 61 00 36 00 64 00 34 00 39 00 65 00 33 00 37 00
hair emo : 32 00 63 00 62 00 34 00 66 00 33 00 37 00 32 00 2D 00 33 00 33 00 37 00 32 00 2D 00 34 00 35 00 38 00 33 00 2D 00 38 00 62 00 35 00 37 00 2D 00 63 00 34 00 65 00 33 00 39 00 38 00 38 00 65 00 33 00 63 00 32 00 38 00
wings bee : 33 00 37 00 36 00 36 00 38 00 64 00 33 00 64 00 2D 00 63 00 39 00 66 00 34 00 2D 00 34 00 62 00 64 00 36 00 2D 00 38 00 31 00 64 00 34 00 2D 00 61 00 34 00 66 00 36 00 34 00 62 00 61 00 32 00 64 00 36 00 31 00 62 00
winter 2017 : 33 00 37 00 35 00 37 00 31 00 34 00 39 00 62 00 2D 00 66 00 34 00 37 00 38 00 2D 00 34 00 39 00 37 00 35 00 2D 00 38 00 31 00 65 00 35 00 2D 00 64 00 38 00 30 00 38 00 61 00 31 00 62 00 65 00 64 00 38 00 64 00 35 00
rr plus shit : 33 00 37 00 33 00 39 00 61 00 39 00 65 00 31 00 2D 00 36 00 64 00 66 00 61 00 2D 00 34 00 35 00 64 00 32 00 2D 00 61 00 66 00 35 00 34 00 2D 00 63 00 63 00 38 00 33 00 61 00 35 00 38 00 64 00 34 00 33 00 36 00 61 00
new hair dont know the name : 30 00 31 00 38 00 62 00 33 00 39 00 65 00 64 00 2D 00 63 00 62 00 65 00 66 00 2D 00 34 00 66 00 66 00 66 00 2D 00 38 00 36 00 32 00 66 00 2D 00 66 00 33 00 39 00 33 00 37 00 33 00 62 00 33 00 32 00 65 00 32 00 65 00
blue coat : 33 00 35 00 64 00 36 00 37 00 30 00 34 00 33 00 2D 00 63 00 61 00 32 00 37 00 2D 00 34 00 62 00 38 00 61 00 2D 00 61 00 38 00 39 00 33 00 2D 00 32 00 64 00 34 00 32 00 36 00 37 00 34 00 65 00 36 00 65 00 36 00 38 00
paintball glasses : 33 00 34 00 31 00 34 00 34 00 66 00 34 00 63 00 2D 00 66 00 36 00 65 00 66 00 2D 00 34 00 39 00 65 00 35 00 2D 00 61 00 32 00 38 00 36 00 2D 00 31 00 37 00 38 00 31 00 65 00 38 00 32 00 65 00 36 00 37 00 38 00 32 00
purple rr shirt : 33 00 39 00 32 00 37 00 38 00 33 00 30 00 32 00 2D 00 62 00 35 00 32 00 61 00 2D 00 34 00 38 00 61 00 38 00 2D 00 61 00 35 00 36 00 36 00 2D 00 65 00 64 00 37 00 35 00 36 00 61 00 35 00 66 00 61 00 31 00 61 00 39 00
orange suit : 35 00 37 00 35 00 35 00 32 00 36 00 35 00 32 00 2D 00 64 00 39 00 30 00 32 00 2D 00 34 00 33 00 62 00 37 00 2D 00 61 00 36 00 38 00 65 00 2D 00 35 00 63 00 37 00 64 00 61 00 38 00 37 00 35 00 38 00 32 00 62 00 63 00
samurai : 36 00 34 00 32 00 33 00 66 00 32 00 33 00 65 00 2D 00 64 00 64 00 65 00 33 00 2D 00 34 00 34 00 32 00 38 00 2D 00 39 00 36 00 66 00 35 00 2D 00 36 00 30 00 39 00 31 00 30 00 32 00 37 00 63 00 39 00 32 00 63 00 62 00
glasses : 36 00 34 00 32 00 37 00 62 00 64 00 35 00 37 00 2D 00 66 00 63 00 62 00 32 00 2D 00 34 00 32 00 30 00 66 00 2D 00 38 00 62 00 33 00 65 00 2D 00 64 00 31 00 64 00 61 00 34 00 33 00 34 00 37 00 30 00 62 00 38 00 34 00
dress : 36 00 34 00 66 00 64 00 64 00 64 00 34 00 65 00 2D 00 33 00 64 00 35 00 39 00 2D 00 34 00 33 00 64 00 66 00 2D 00 62 00 62 00 33 00 39 00 2D 00 36 00 37 00 31 00 65 00 31 00 38 00 39 00 35 00 33 00 63 00 30 00 66 00
isle : 36 00 36 00 34 00 34 00 38 00 35 00 65 00 39 00 2D 00 61 00 31 00 35 00 39 00 2D 00 34 00 66 00 63 00 62 00 2D 00 62 00 33 00 32 00 63 00 2D 00 32 00 62 00 31 00 31 00 34 00 62 00 34 00 61 00 31 00 32 00 31 00 38 00
cape cool : 36 00 37 00 31 00 31 00 37 00 62 00 33 00 64 00 2D 00 30 00 36 00 36 00 39 00 2D 00 34 00 63 00 66 00 33 00 2D 00 38 00 61 00 34 00 66 00 2D 00 30 00 36 00 36 00 63 00 61 00 62 00 64 00 34 00 64 00 38 00 62 00 31 00
bishop : 36 00 39 00 33 00 30 00 63 00 65 00 31 00 33 00 2D 00 34 00 62 00 65 00 34 00 2D 00 34 00 61 00 62 00 39 00 2D 00 39 00 38 00 31 00 37 00 2D 00 36 00 36 00 37 00 62 00 64 00 32 00 36 00 31 00 66 00 66 00 63 00 33 00
skeleton golves dark green : 36 00 61 00 39 00 38 00 62 00 62 00 62 00 36 00 2D 00 62 00 62 00 65 00 30 00 2D 00 34 00 64 00 63 00 33 00 2D 00 39 00 37 00 61 00 39 00 2D 00 65 00 32 00 35 00 33 00 64 00 63 00 35 00 30 00 36 00 61 00 32 00 62 00
mustach : 36 00 62 00 33 00 33 00 37 00 61 00 33 00 35 00 2D 00 39 00 35 00 64 00 39 00 2D 00 34 00 62 00 33 00 61 00 2D 00 39 00 38 00 39 00 31 00 2D 00 64 00 39 00 66 00 62 00 62 00 30 00 36 00 32 00 36 00 32 00 61 00 61 00
witch hat : 36 00 64 00 33 00 36 00 30 00 39 00 31 00 65 00 2D 00 37 00 30 00 38 00 33 00 2D 00 34 00 65 00 33 00 64 00 2D 00 38 00 37 00 32 00 39 00 2D 00 39 00 34 00 36 00 31 00 32 00 36 00 30 00 32 00 63 00 38 00 63 00 62 00
doctor : 35 00 38 00 37 00 63 00 61 00 32 00 62 00 62 00 2D 00 64 00 64 00 34 00 32 00 2D 00 34 00 32 00 62 00 66 00 2D 00 38 00 33 00 33 00 66 00 2D 00 34 00 65 00 32 00 61 00 39 00 37 00 33 00 34 00 39 00 38 00 36 00 36 00
lucky hat : 35 00 39 00 31 00 61 00 66 00 33 00 33 00 32 00 2D 00 61 00 30 00 31 00 63 00 2D 00 34 00 35 00 34 00 64 00 2D 00 38 00 39 00 64 00 64 00 2D 00 35 00 65 00 64 00 36 00 61 00 65 00 33 00 65 00 64 00 30 00 39 00 63 00
heart glasses : 35 00 39 00 34 00 34 00 61 00 36 00 36 00 65 00 2D 00 62 00 33 00 38 00 36 00 2D 00 34 00 33 00 64 00 39 00 2D 00 61 00 34 00 62 00 36 00 2D 00 37 00 62 00 34 00 61 00 38 00 65 00 39 00 38 00 37 00 66 00 64 00 38 00
jbt hat : 35 00 39 00 64 00 39 00 35 00 36 00 30 00 64 00 2D 00 65 00 35 00 61 00 66 00 2D 00 34 00 32 00 30 00 35 00 2D 00 62 00 38 00 36 00 30 00 2D 00 33 00 61 00 66 00 65 00 61 00 31 00 63 00 63 00 33 00 31 00 61 00 39 00
2020 glasses : 32 00 63 00 33 00 37 00 37 00 33 00 61 00 35 00 2D 00 61 00 30 00 62 00 34 00 2D 00 34 00 31 00 63 00 35 00 2D 00 61 00 34 00 64 00 66 00 2D 00 36 00 35 00 37 00 32 00 64 00 66 00 66 00 35 00 31 00 36 00 63 00 39 00
